citiesNum: 17

VNUM: 4

VFIXEDCOST: 2000

POP: [1027900
 195400
 85700
 68600
 48300
 34400
 32300
 28800
 24100
 21200
 20300
 20100
 19500
 18400
 18300
 18100
 17200
 ]

cityNames: [‘Dublin’ ‘Cork’ ‘Limerick’ ‘Galway’ ‘Waterford’ ‘Dundalk’ ‘Bray’
       ‘Drogheda’ ‘Swords’ ‘Tralee’ ‘Kilkenny’ ‘Ennis’ ‘Sligo’ ‘Athlone’
       ‘Wexford’ ‘Naas’ ‘Newbridge’ ]

DIST: 
[(1 2) 218 175 187 133 77 16 44 13 261 100 190 180 113 111 31 40 146 70 46
(2 3) 86 158 100 273 216 247 230 95 118 112 264 172 144 190 181 72 148 229
(3 4) 73 111 210 179 191 183 85 92 32 179 95 150 144 135 71 116 170
(4 5) 172 193 197 185 189 119 139 46 117 75 202 158 151 136 151 162
(5 6) 201 126 170 145 176 45 142 242 140 45 111 104 41 66 158
(6 7) 92 33 64 293 161 214 137 121 187 90 96 203 135 43
(7 8) 59 27 264 98 197 196 124 99 38 46 143 68 63
(8 9) 31 276 132 199 152 110 153 59 66 176 104 22
(9 10) 269 112 196 175 115 124 39 48 157 82 38
(10 11) 172 81 237 174 221 230 221 137 199 254
(11 12) 118 197 96 63 73 65 45 30 117
(12 13) 161 93 179 160 151 103 139 177
(13 14) 101 253 167 165 219 190 136
(14 15) 155 87 81 119 94 87
(15 16) 98 95 83 63 147
(16 17) 9 118 45 48
]


VCAPACITY: 1500;


VCOSTPERKM: [0.3 0.4 0.5 0.6]

VCOSTPERSTOP: [5 4 3 2]
